Ranks=2 Threads=2 N=1024
Total Kinetic Energy = [0 151.592 729486 610602 600741 548342 567617 531681 521270 501311 509157 456228 472086 456111 433606 462626 451834 429206 428099 435091 421704 440975 428613 398392 404076 381758 403664 386991 415351 389889 380609 404561 380572 395349 389780 371091 368666 401397 360295 352024 358534 366623 359828 358324 344047 354032 369490 346244 328397 350428 351359]
Runtime = 41.851 s for N = 1024
Ranks=2 Threads=2 N=2048
Total Kinetic Energy = [0 1077.72 2.97795e+06 2.6165e+06 2.41378e+06 2.29682e+06 2.14334e+06 2.13121e+06 2.07413e+06 2.07219e+06 2.02821e+06 1.98279e+06 1.95895e+06 1.87244e+06 1.89458e+06 1.86427e+06 1.77851e+06 1.81828e+06 1.77444e+06 1.79104e+06 1.73843e+06 1.74499e+06 1.76053e+06 1.71761e+06 1.61755e+06 1.61528e+06 1.66428e+06 1.66783e+06 1.58185e+06 1.59609e+06 1.65617e+06 1.62866e+06 1.59387e+06 1.51697e+06 1.5411e+06 1.54499e+06 1.56867e+06 1.52243e+06 1.58784e+06 1.49689e+06 1.5016e+06 1.4954e+06 1.49589e+06 1.50093e+06 1.48679e+06 1.44656e+06 1.45625e+06 1.46255e+06 1.47499e+06 1.42721e+06 1.44703e+06]
Runtime = 164.749 s for N = 2048
Ranks=2 Threads=2 N=4096
Total Kinetic Energy = [0 8102.72 1.27946e+07 1.17149e+07 1.13728e+07 1.08446e+07 1.03831e+07 1.01159e+07 1.02121e+07 9.96172e+06 9.77697e+06 9.55058e+06 9.65881e+06 9.66215e+06 9.34872e+06 9.40219e+06 9.20279e+06 9.37975e+06 9.07312e+06 9.05158e+06 9.08904e+06 8.82912e+06 8.96238e+06 8.8555e+06 8.88155e+06 8.81179e+06 8.66619e+06 8.64367e+06 8.66048e+06 8.63856e+06 8.49546e+06 8.59908e+06 8.63101e+06 8.47265e+06 8.43253e+06 8.46607e+06 8.43832e+06 8.36873e+06 8.43049e+06 8.26662e+06 8.29459e+06 8.20534e+06 8.24462e+06 8.22681e+06 8.23533e+06 8.17186e+06 8.12702e+06 8.17165e+06 8.15866e+06 8.17684e+06 8.06848e+06]
Runtime = 657.873 s for N = 4096
