Ranks=4 Threads=2 N=1024
Total Kinetic Energy = [0 142.598 760684 645153 650205 602667 585488 598789 572670 544425 514115 531446 521931 512253 498725 470776 475496 462188 468002 449684 441208 448217 439722 442827 446640 412200 421352 418842 434645 403902 399753 392837 408261 405020 388390 395269 391110 399790 395060 367133 406214 371757 375540 399338 380908 386174 384274 378544 381867 382047 368618]
Runtime = 21.763 s for N = 1024
Ranks=4 Threads=2 N=2048
Total Kinetic Energy = [0 1133.14 3.36798e+06 2.94289e+06 2.88409e+06 2.70369e+06 2.5163e+06 2.57454e+06 2.46358e+06 2.40778e+06 2.33895e+06 2.33047e+06 2.28011e+06 2.2141e+06 2.19643e+06 2.19674e+06 2.13102e+06 2.09884e+06 2.07764e+06 1.97676e+06 2.01861e+06 1.99927e+06 2.00389e+06 1.98727e+06 1.94469e+06 2.00707e+06 1.92685e+06 1.89651e+06 1.92511e+06 1.86613e+06 1.88167e+06 1.88857e+06 1.88624e+06 1.88462e+06 1.86713e+06 1.88133e+06 1.81066e+06 1.79718e+06 1.83681e+06 1.77562e+06 1.77758e+06 1.8009e+06 1.78529e+06 1.76925e+06 1.7517e+06 1.75674e+06 1.73234e+06 1.69696e+06 1.70319e+06 1.75193e+06 1.75826e+06]
Runtime = 85.551 s for N = 2048
Ranks=4 Threads=2 N=4096
Total Kinetic Energy = [0 8361.16 1.36034e+07 1.27064e+07 1.22958e+07 1.1981e+07 1.1768e+07 1.1646e+07 1.15002e+07 1.1315e+07 1.12212e+07 1.12747e+07 1.10743e+07 1.10433e+07 1.09711e+07 1.08133e+07 1.08306e+07 1.07304e+07 1.0806e+07 1.08035e+07 1.06449e+07 1.05591e+07 1.05697e+07 1.05702e+07 1.04719e+07 1.04706e+07 1.04202e+07 1.04373e+07 1.0351e+07 1.03001e+07 1.02299e+07 1.02374e+07 1.01856e+07 1.02922e+07 1.01703e+07 1.01089e+07 1.02031e+07 1.00935e+07 1.0114e+07 1.01047e+07 1.00964e+07 1.01275e+07 9.99182e+06 1.00367e+07 9.95046e+06 9.98177e+06 9.94097e+06 9.92508e+06 9.8885e+06 9.99091e+06 9.90626e+06]
Runtime = 339.264 s for N = 4096
