Ranks=2 Threads=4 N=1024
Total Kinetic Energy = [0 143.472 926124 850696 811695 782739 744128 718816 739949 687037 694452 657005 668733 657974 663527 618328 620386 631606 594709 607187 604254 588919 600251 577869 569012 563169 577490 567783 535332 563234 563333 549568 543168 532784 520366 538107 528747 528095 536246 534446 513277 528321 515776 500203 505356 515701 512627 499851 489191 504162 495363]
Runtime = 21.568 s for N = 1024
Ranks=2 Threads=4 N=2048
Total Kinetic Energy = [0 1080.54 2.93056e+06 2.50102e+06 2.33475e+06 2.35512e+06 2.19517e+06 2.17958e+06 2.06503e+06 2.04407e+06 1.99474e+06 1.98054e+06 1.93952e+06 1.89821e+06 1.87782e+06 1.90476e+06 1.82933e+06 1.80932e+06 1.77763e+06 1.79725e+06 1.78195e+06 1.72585e+06 1.81325e+06 1.71033e+06 1.65768e+06 1.70275e+06 1.66823e+06 1.69469e+06 1.65401e+06 1.6578e+06 1.63728e+06 1.62159e+06 1.60409e+06 1.62119e+06 1.6486e+06 1.60787e+06 1.58715e+06 1.51961e+06 1.52822e+06 1.51838e+06 1.52499e+06 1.52138e+06 1.53299e+06 1.53784e+06 1.48783e+06 1.5531e+06 1.50692e+06 1.49882e+06 1.47033e+06 1.52357e+06 1.46057e+06]
Runtime = 85.081 s for N = 2048
Ranks=2 Threads=4 N=4096
Total Kinetic Energy = [0 8329.73 1.09803e+07 1.04492e+07 9.5139e+06 9.27679e+06 9.28964e+06 9.01281e+06 8.86326e+06 8.52022e+06 8.46489e+06 8.49455e+06 8.22281e+06 8.12314e+06 8.14857e+06 8.04472e+06 8.02604e+06 7.77875e+06 7.75313e+06 7.63847e+06 7.64551e+06 7.76794e+06 7.55868e+06 7.60977e+06 7.65494e+06 7.56657e+06 7.44842e+06 7.5621e+06 7.47681e+06 7.44722e+06 7.36717e+06 7.35541e+06 7.36292e+06 7.26275e+06 7.26444e+06 7.29412e+06 7.29425e+06 7.31283e+06 7.35823e+06 7.19007e+06 7.18689e+06 7.25163e+06 7.11474e+06 7.09156e+06 7.07557e+06 7.13443e+06 7.10042e+06 7.05951e+06 7.0273e+06 6.97136e+06 7.06736e+06]
Runtime = 337.245 s for N = 4096
