Ranks=4 Threads=4 N=1024
Total Kinetic Energy = [0 151.862 651606 694530 631866 578092 546401 566549 564185 542247 539034 497600 521667 494564 486581 455935 471702 474002 470934 422048 445156 411212 455271 446230 426650 439210 438653 431062 414933 435278 403621 410185 414387 374378 397940 409494 424007 401632 397967 410603 414982 390655 409390 381236 386040 365374 392819 407915 382574 382473 381641]
Runtime = 11.763 s for N = 1024
Ranks=4 Threads=4 N=2048
Total Kinetic Energy = [0 1086.51 2.97505e+06 2.76776e+06 2.64736e+06 2.52108e+06 2.50052e+06 2.3067e+06 2.24573e+06 2.23416e+06 2.21346e+06 2.349e+06 2.09319e+06 2.08744e+06 2.14862e+06 2.11316e+06 2.05483e+06 1.98569e+06 1.99172e+06 2.06457e+06 1.9538e+06 1.93859e+06 1.90568e+06 1.89183e+06 1.87285e+06 1.84132e+06 1.84669e+06 1.85134e+06 1.8476e+06 1.79526e+06 1.78116e+06 1.77237e+06 1.76036e+06 1.79793e+06 1.72774e+06 1.74597e+06 1.69611e+06 1.67452e+06 1.70937e+06 1.6458e+06 1.63641e+06 1.67188e+06 1.63774e+06 1.66393e+06 1.64342e+06 1.63626e+06 1.62324e+06 1.62157e+06 1.65033e+06 1.5555e+06 1.60153e+06]
Runtime = 45.922 s for N = 2048
Ranks=4 Threads=4 N=4096
Total Kinetic Energy = [0 8388.57 1.26438e+07 1.19085e+07 1.13883e+07 1.1246e+07 1.10494e+07 1.06727e+07 1.06341e+07 1.04379e+07 1.03463e+07 1.03477e+07 1.02105e+07 1.01312e+07 1.00599e+07 1.00234e+07 9.97865e+06 9.93897e+06 1.00329e+07 9.85607e+06 9.82708e+06 9.75584e+06 9.78818e+06 9.60447e+06 9.63766e+06 9.71962e+06 9.73718e+06 9.56384e+06 9.53225e+06 9.58731e+06 9.52414e+06 9.6119e+06 9.44821e+06 9.52074e+06 9.45537e+06 9.41871e+06 9.49697e+06 9.39617e+06 9.41037e+06 9.38049e+06 9.4002e+06 9.28577e+06 9.31103e+06 9.3561e+06 9.26824e+06 9.3977e+06 9.28871e+06 9.27216e+06 9.28945e+06 9.2803e+06 9.27828e+06]
Runtime = 180.039 s for N = 4096
