Ranks=8 Threads=4 N=1024
Total Kinetic Energy = [0 144.053 735360 703111 597344 572490 582642 543310 497445 537112 490684 513327 487804 507013 467461 441572 428412 424323 443117 401985 434248 414391 410800 386627 399311 407484 388510 393696 390843 380825 370425 374970 382675 405278 365784 382826 380762 376212 352860 360242 338656 346509 345212 351576 350342 356425 336881 299338 350873 321695 330480]
Runtime = 404.757 s for N = 1024
Ranks=8 Threads=4 N=2048
Total Kinetic Energy = [0 1099.49 3.16138e+06 2.86988e+06 2.66467e+06 2.51847e+06 2.38641e+06 2.37727e+06 2.39675e+06 2.27587e+06 2.18493e+06 2.17468e+06 2.10687e+06 2.05503e+06 1.99333e+06 1.96987e+06 1.99372e+06 1.95889e+06 1.8613e+06 1.96141e+06 1.85337e+06 1.84652e+06 1.77468e+06 1.77975e+06 1.76112e+06 1.78595e+06 1.74933e+06 1.74659e+06 1.69503e+06 1.73749e+06 1.68846e+06 1.65651e+06 1.6778e+06 1.652e+06 1.64171e+06 1.58642e+06 1.60662e+06 1.6244e+06 1.55756e+06 1.60925e+06 1.59721e+06 1.55117e+06 1.59069e+06 1.56978e+06 1.55554e+06 1.56046e+06 1.58353e+06 1.58543e+06 1.52133e+06 1.50273e+06 1.50499e+06]
Runtime = 388.336 s for N = 2048
Ranks=8 Threads=4 N=4096
Total Kinetic Energy = [0 8537.73 1.03893e+07 9.53742e+06 9.28405e+06 9.01011e+06 8.65713e+06 8.4843e+06 8.35922e+06 8.22616e+06 8.10038e+06 7.91654e+06 7.78653e+06 7.73213e+06 7.59271e+06 7.49e+06 7.2605e+06 7.35171e+06 7.41907e+06 7.18225e+06 7.28627e+06 7.29507e+06 7.13815e+06 7.06327e+06 7.24969e+06 7.11243e+06 7.01165e+06 6.98637e+06 6.95147e+06 6.84261e+06 6.94729e+06 6.94681e+06 6.90468e+06 6.82197e+06 6.75873e+06 6.82714e+06 6.77905e+06 6.71263e+06 6.73236e+06 6.75581e+06 6.74431e+06 6.63192e+06 6.70247e+06 6.6238e+06 6.5518e+06 6.55369e+06 6.5765e+06 6.60307e+06 6.6141e+06 6.51193e+06 6.56946e+06]
Runtime = 717.32 s for N = 4096
