Ranks=8 Threads=2 N=1024
Total Kinetic Energy = [0 161.432 747530 680338 657026 581320 585109 539257 536549 503322 515416 469870 477080 478343 490801 437835 469105 439485 429997 424215 443538 416766 413063 413976 418406 369577 376778 397235 370624 387468 373874 364015 363837 392882 343685 340587 353199 352944 362668 345186 338735 359862 353913 339437 345100 348565 349974 331362 341553 322865 344674]
Runtime = 11.888 s for N = 1024
Ranks=8 Threads=2 N=2048
Total Kinetic Energy = [0 1021.95 3.20957e+06 2.77472e+06 2.83953e+06 2.56734e+06 2.43222e+06 2.4056e+06 2.33596e+06 2.24842e+06 2.23346e+06 2.11301e+06 2.13604e+06 2.09447e+06 2.08795e+06 2.01484e+06 2.00758e+06 1.95791e+06 1.94032e+06 1.99935e+06 1.92198e+06 1.83248e+06 1.86654e+06 1.8858e+06 1.88415e+06 1.84967e+06 1.84289e+06 1.76766e+06 1.80277e+06 1.74098e+06 1.71718e+06 1.73088e+06 1.7697e+06 1.75316e+06 1.71403e+06 1.74712e+06 1.69895e+06 1.68508e+06 1.7468e+06 1.67974e+06 1.7066e+06 1.65501e+06 1.71715e+06 1.63294e+06 1.63202e+06 1.64416e+06 1.61991e+06 1.61344e+06 1.61961e+06 1.60644e+06 1.64137e+06]
Runtime = 46.638 s for N = 2048
Ranks=8 Threads=2 N=4096
Total Kinetic Energy = [0 8227.39 1.10396e+07 9.89107e+06 9.50787e+06 9.22314e+06 9.05109e+06 8.90006e+06 8.6174e+06 8.30483e+06 8.38311e+06 8.32386e+06 8.26069e+06 7.9228e+06 7.94207e+06 7.95302e+06 7.88027e+06 7.7081e+06 7.68729e+06 7.70813e+06 7.53953e+06 7.65445e+06 7.4254e+06 7.39834e+06 7.39394e+06 7.30861e+06 7.34779e+06 7.36148e+06 7.24453e+06 7.16216e+06 7.3334e+06 7.10829e+06 7.13047e+06 7.23903e+06 7.15285e+06 6.99317e+06 7.02865e+06 6.9199e+06 7.10186e+06 6.995e+06 6.94325e+06 6.85207e+06 6.80947e+06 6.96766e+06 6.83586e+06 6.91306e+06 6.78175e+06 6.87578e+06 6.6858e+06 6.86802e+06 6.70299e+06]
Runtime = 182.6 s for N = 4096
