Threads=4 N=1024
Total Kinetic Energy = [0 143.137 773649 690216 665922 617527 582850 563743 583355 543586 530431 541481 503745 499619 480343 500419 478574 458229 452598 441001 449579 445969 451633 451875 453572 431726 412285 411395 417642 421976 389770 404656 399677 421154 395421 412478 371782 377852 393173 386289 382567 399746 392887 388288 388471 370269 368936 380566 387984 375280 368593]
Runtime = 42.771 s for N = 1024
Threads=4 N=2048
Total Kinetic Energy = [0 1075.08 3.07741e+06 2.77241e+06 2.53778e+06 2.38466e+06 2.42605e+06 2.37831e+06 2.21879e+06 2.22938e+06 2.18789e+06 2.08878e+06 2.00392e+06 1.95261e+06 2.01062e+06 1.97116e+06 1.91633e+06 1.88499e+06 1.87984e+06 1.77691e+06 1.78828e+06 1.82808e+06 1.73586e+06 1.71974e+06 1.72923e+06 1.73264e+06 1.69838e+06 1.69375e+06 1.66698e+06 1.70447e+06 1.63914e+06 1.6678e+06 1.63683e+06 1.67093e+06 1.64033e+06 1.60608e+06 1.59977e+06 1.57486e+06 1.58729e+06 1.59421e+06 1.5346e+06 1.52342e+06 1.52723e+06 1.53968e+06 1.57339e+06 1.50313e+06 1.50765e+06 1.50373e+06 1.50785e+06 1.49326e+06 1.5313e+06]
Runtime = 169.557 s for N = 2048
Threads=4 N=4096
Total Kinetic Energy = [0 8268.93 1.66171e+07 1.60269e+07 1.545e+07 1.52376e+07 1.51085e+07 1.49307e+07 1.46995e+07 1.47619e+07 1.4555e+07 1.46329e+07 1.4432e+07 1.43963e+07 1.43721e+07 1.4219e+07 1.42378e+07 1.40504e+07 1.41542e+07 1.40212e+07 1.40512e+07 1.40003e+07 1.40869e+07 1.39314e+07 1.38924e+07 1.38478e+07 1.39188e+07 1.3922e+07 1.38948e+07 1.38622e+07 1.37246e+07 1.38563e+07 1.38095e+07 1.37574e+07 1.37063e+07 1.37162e+07 1.36478e+07 1.37737e+07 1.36707e+07 1.36316e+07 1.3729e+07 1.36167e+07 1.35504e+07 1.3587e+07 1.35233e+07 1.34868e+07 1.35492e+07 1.35402e+07 1.3514e+07 1.34432e+07 1.34452e+07]
Runtime = 677.898 s for N = 4096
