Threads=8 N=1024
Total Kinetic Energy = [0 146.368 779313 674391 650443 598709 635320 611340 554506 557114 557010 540942 535130 498731 506087 487293 486330 481124 460934 467524 455997 428750 461210 419355 450789 463268 420836 451594 440825 408024 405526 414083 403182 418744 407618 390171 389780 406868 402475 416449 383249 403890 369565 378241 396287 416768 391244 385292 375517 372317 380045]
Runtime = 22.086 s for N = 1024
Threads=8 N=2048
Total Kinetic Energy = [0 1062 2.89918e+06 2.68681e+06 2.50164e+06 2.30477e+06 2.36484e+06 2.30195e+06 2.27694e+06 2.10244e+06 2.08599e+06 2.00414e+06 2.01004e+06 1.98214e+06 1.97713e+06 1.87348e+06 1.8496e+06 1.84761e+06 1.82894e+06 1.80131e+06 1.80553e+06 1.7116e+06 1.78473e+06 1.76897e+06 1.67215e+06 1.72115e+06 1.69476e+06 1.70738e+06 1.59478e+06 1.62307e+06 1.71908e+06 1.61398e+06 1.61517e+06 1.65374e+06 1.60062e+06 1.5932e+06 1.5968e+06 1.58106e+06 1.53425e+06 1.60152e+06 1.53705e+06 1.52175e+06 1.55811e+06 1.51738e+06 1.49536e+06 1.51376e+06 1.48947e+06 1.50166e+06 1.4859e+06 1.4435e+06 1.46178e+06]
Runtime = 87.704 s for N = 2048
Threads=8 N=4096
Total Kinetic Energy = [0 8156.86 1.20127e+07 1.10208e+07 1.05135e+07 1.04755e+07 1.01296e+07 9.90437e+06 9.65504e+06 9.6704e+06 9.42659e+06 9.29143e+06 9.15944e+06 8.9946e+06 9.14757e+06 8.95945e+06 8.8998e+06 8.74134e+06 8.69203e+06 8.83834e+06 8.77031e+06 8.62471e+06 8.7762e+06 8.54695e+06 8.50971e+06 8.53464e+06 8.49047e+06 8.43916e+06 8.39431e+06 8.39636e+06 8.41921e+06 8.2995e+06 8.38298e+06 8.17823e+06 8.24859e+06 8.27716e+06 8.32939e+06 8.14385e+06 8.23361e+06 8.22394e+06 8.11153e+06 8.10905e+06 8.17568e+06 8.02149e+06 8.03173e+06 8.05495e+06 7.98944e+06 8.00698e+06 7.94895e+06 8.00355e+06 7.90085e+06]
Runtime = 348.105 s for N = 4096
