Threads=2 N=1024
Total Kinetic Energy = [0 146.789 687572 593474 544937 535812 532173 518108 524942 492412 465370 437298 444565 475554 440662 444808 439414 425322 406093 403016 396809 425485 383452 388748 393707 396354 369494 348283 380426 376332 343517 338632 355538 327957 340509 346125 354624 339539 349375 331262 342600 344213 343482 342583 336286 313848 335322 333405 338900 343555 343736]
Runtime = 84.528 s for N = 1024
Threads=2 N=2048
Total Kinetic Energy = [0 1094.14 2.44504e+06 2.19317e+06 2.09656e+06 1.85018e+06 1.81756e+06 1.79321e+06 1.76962e+06 1.74662e+06 1.67921e+06 1.57403e+06 1.61197e+06 1.5953e+06 1.52379e+06 1.56277e+06 1.54141e+06 1.45772e+06 1.39875e+06 1.39376e+06 1.382e+06 1.43325e+06 1.42564e+06 1.41178e+06 1.34359e+06 1.32586e+06 1.33303e+06 1.33902e+06 1.33633e+06 1.33301e+06 1.31825e+06 1.2813e+06 1.32636e+06 1.26268e+06 1.24274e+06 1.25674e+06 1.27854e+06 1.22372e+06 1.27473e+06 1.2449e+06 1.20375e+06 1.21786e+06 1.21518e+06 1.18687e+06 1.1826e+06 1.22645e+06 1.15435e+06 1.19864e+06 1.16428e+06 1.19287e+06 1.16366e+06]
Runtime = 337.707 s for N = 2048
Threads=2 N=4096
Total Kinetic Energy = [0 8383.37 1.02993e+07 9.4461e+06 9.04958e+06 8.65493e+06 8.52888e+06 8.22268e+06 8.2564e+06 7.98231e+06 7.94087e+06 7.83464e+06 7.54698e+06 7.54463e+06 7.49835e+06 7.46486e+06 7.29002e+06 7.37909e+06 7.13049e+06 7.06892e+06 7.08605e+06 7.01741e+06 6.97868e+06 6.88727e+06 6.89376e+06 6.8066e+06 6.70514e+06 6.81965e+06 6.77012e+06 6.66168e+06 6.71602e+06 6.60382e+06 6.5779e+06 6.67912e+06 6.55284e+06 6.59766e+06 6.44315e+06 6.42816e+06 6.44712e+06 6.42614e+06 6.38822e+06 6.37532e+06 6.481e+06 6.46143e+06 6.37677e+06 6.37711e+06 6.32125e+06 6.32744e+06 6.30719e+06 6.2476e+06 6.28552e+06]
Runtime = 1347.62 s for N = 4096
