Threads=16 N=1024
Total Kinetic Energy = [0 148.8 670463 626697 553791 570889 542438 506821 515617 522232 492800 487468 487003 486708 478802 446467 469981 481640 428698 446138 455535 440966 409425 405664 390988 411564 409345 375611 370723 371802 386162 365756 376936 359748 374390 347784 381557 358478 363755 341769 360033 352883 362913 340163 326275 328887 329350 345537 342671 335401 339459]
Runtime = 12.228 s for N = 1024
Threads=16 N=2048
Total Kinetic Energy = [0 1071.3 2.84036e+06 2.62928e+06 2.52115e+06 2.25048e+06 2.33574e+06 2.14881e+06 2.17356e+06 2.14557e+06 2.04307e+06 1.98561e+06 1.97444e+06 1.9654e+06 1.90917e+06 1.91265e+06 1.84987e+06 1.84132e+06 1.84259e+06 1.79367e+06 1.76871e+06 1.75437e+06 1.73114e+06 1.71568e+06 1.77919e+06 1.70545e+06 1.74432e+06 1.65134e+06 1.7063e+06 1.64534e+06 1.6419e+06 1.65253e+06 1.5851e+06 1.62976e+06 1.62495e+06 1.56317e+06 1.58669e+06 1.56903e+06 1.55476e+06 1.56806e+06 1.60102e+06 1.54903e+06 1.51343e+06 1.54029e+06 1.56106e+06 1.51508e+06 1.56193e+06 1.5152e+06 1.50035e+06 1.53245e+06 1.49044e+06]
Runtime = 47.225 s for N = 2048
Threads=16 N=4096
Total Kinetic Energy = [0 8225.28 1.29322e+07 1.21561e+07 1.15449e+07 1.107e+07 1.05746e+07 1.07692e+07 1.07786e+07 1.04032e+07 9.98241e+06 9.93818e+06 9.96487e+06 9.84548e+06 9.51623e+06 9.54504e+06 9.44385e+06 9.24152e+06 9.30882e+06 9.10791e+06 9.2942e+06 9.20526e+06 8.9729e+06 8.90635e+06 8.96314e+06 8.97956e+06 8.76665e+06 8.81551e+06 8.62319e+06 8.60779e+06 8.63221e+06 8.66716e+06 8.55576e+06 8.46024e+06 8.41518e+06 8.41458e+06 8.41805e+06 8.43589e+06 8.33535e+06 8.24477e+06 8.28692e+06 8.20986e+06 8.27597e+06 8.31305e+06 8.12347e+06 8.22691e+06 8.17376e+06 8.11501e+06 8.15767e+06 8.11687e+06 8.08111e+06]
Runtime = 185.189 s for N = 4096
