Threads=1 N=1024
Total Kinetic Energy = [0 148.906 747644 677634 628680 609987 602800 570609 580277 572238 551946 567867 554689 518390 511648 555840 490760 488479 483105 477246 477885 470106 459729 475683 471140 463242 451328 459187 411547 427944 430433 410625 406746 416228 418271 429922 402786 396192 401646 420816 399698 393327 395992 389617 382288 386257 394901 367137 389400 376995 384740]
Runtime = 166.586 s for N = 1024
Threads=1 N=2048
Total Kinetic Energy = [0 1092.61 2.87156e+06 2.48777e+06 2.347e+06 2.29586e+06 2.31779e+06 2.21918e+06 2.19931e+06 2.01979e+06 2.02047e+06 2.00755e+06 1.94777e+06 1.88703e+06 1.94356e+06 1.88733e+06 1.82853e+06 1.80853e+06 1.7957e+06 1.74433e+06 1.73036e+06 1.7169e+06 1.75269e+06 1.70504e+06 1.62895e+06 1.58955e+06 1.65884e+06 1.63942e+06 1.57767e+06 1.55159e+06 1.55452e+06 1.56832e+06 1.52042e+06 1.52301e+06 1.53455e+06 1.51273e+06 1.51916e+06 1.49249e+06 1.5029e+06 1.51467e+06 1.42683e+06 1.46687e+06 1.41475e+06 1.4204e+06 1.39579e+06 1.4564e+06 1.41328e+06 1.38437e+06 1.36252e+06 1.42912e+06 1.41323e+06]
Runtime = 661.255 s for N = 2048
Threads=1 N=4096
Total Kinetic Energy = [0 8243.04 1.5396e+07 1.42071e+07 1.40357e+07 1.35671e+07 1.33025e+07 1.31475e+07 1.31568e+07 1.27988e+07 1.27792e+07 1.2539e+07 1.25631e+07 1.24743e+07 1.24644e+07 1.23417e+07 1.2291e+07 1.20894e+07 1.2168e+07 1.2083e+07 1.19786e+07 1.18507e+07 1.18827e+07 1.18586e+07 1.17311e+07 1.1687e+07 1.18227e+07 1.17479e+07 1.16733e+07 1.17024e+07 1.16702e+07 1.15631e+07 1.15561e+07 1.14951e+07 1.15148e+07 1.1503e+07 1.14895e+07 1.15946e+07 1.15226e+07 1.13639e+07 1.14961e+07 1.13789e+07 1.13893e+07 1.14551e+07 1.13539e+07 1.13657e+07 1.1362e+07 1.13453e+07 1.13258e+07 1.12776e+07 1.13196e+07]
Runtime = 2604.99 s for N = 4096
