N=512
Total Kinetic Energy = [0 18.5061 218727 173644 163836 178610 173069 163566 166006 161386 154943 162891 154951 149263 136952 153891 140339 139538 137176 139401 130564 130755 136584 140570 131522 131092 137701 134914 127600 138763 124039 125275 127502 130527 127709 120343 132747 131337 122882 118133 123424 118360 117828 116802 112798 118929 112905 107867 113156 112660 118149]
Runtime = 9.003 s for N = 512
N=1024
Total Kinetic Energy = [0 136.225 804212 718663 691880 640546 652058 624176 577984 582886 559880 554079 525392 524105 510360 500705 500645 501827 486237 492688 478998 483734 477570 481082 488769 469749 438793 434616 458718 438937 447087 439984 414246 414135 423204 420477 447572 427579 427250 418703 402191 411491 421771 402754 405393 390503 399619 410199 394185 386693 409998]
Runtime = 37.063 s for N = 1024
N=2048
Total Kinetic Energy = [0 1090.8 3.04551e+06 2.65021e+06 2.71237e+06 2.47345e+06 2.38522e+06 2.25039e+06 2.2108e+06 2.24678e+06 2.08667e+06 2.13758e+06 2.12503e+06 2.06212e+06 2.03821e+06 1.98037e+06 2.02747e+06 1.89328e+06 1.9186e+06 1.90498e+06 1.81975e+06 1.85494e+06 1.7776e+06 1.77108e+06 1.79161e+06 1.75132e+06 1.7305e+06 1.76586e+06 1.80209e+06 1.71446e+06 1.71429e+06 1.75405e+06 1.69796e+06 1.66597e+06 1.69027e+06 1.65451e+06 1.69099e+06 1.66913e+06 1.63959e+06 1.6638e+06 1.56363e+06 1.63743e+06 1.63731e+06 1.60433e+06 1.64454e+06 1.60311e+06 1.58857e+06 1.57697e+06 1.65447e+06 1.53798e+06 1.59444e+06]
Runtime = 143.318 s for N = 2048
N=4096
Total Kinetic Energy = [0 8352.78 9.80736e+06 9.09799e+06 8.74308e+06 8.5917e+06 8.3354e+06 8.34314e+06 8.26622e+06 7.97071e+06 7.91886e+06 7.94277e+06 7.75399e+06 7.64587e+06 7.66926e+06 7.6118e+06 7.54909e+06 7.47652e+06 7.35847e+06 7.39993e+06 7.32317e+06 7.37394e+06 7.30458e+06 7.28001e+06 7.28722e+06 7.206e+06 7.13571e+06 7.11374e+06 7.12128e+06 7.01902e+06 7.02195e+06 7.00612e+06 6.93119e+06 7.00235e+06 6.93816e+06 6.99344e+06 6.76387e+06 6.89822e+06 6.89908e+06 6.92331e+06 6.85598e+06 6.84688e+06 6.79783e+06 6.80031e+06 6.8369e+06 6.76426e+06 6.78581e+06 6.72043e+06 6.76432e+06 6.77502e+06 6.65942e+06]
Runtime = 583.623 s for N = 4096
